   6.33920002         0.00000000    
   6.34560013         0.00000000    
   6.35200024         0.00000000    
   6.35839987         0.00000000    
   6.36479998         0.00000000    
   6.37120008         0.00000000    
   6.37759972         0.00000000    
   6.38399982         0.00000000    
   6.39039993         0.00000000    
   6.39680004         0.00000000    
   6.40320015         100.000000    
   6.40960026         0.00000000    
   6.41599989         0.00000000    
   6.42240000         0.00000000    
   6.42880011         0.00000000    
   6.43519974         0.00000000    
   6.44159985         0.00000000    
   6.44799995         0.00000000    
   6.45440006         0.00000000    
   6.46080017         0.00000000    
