   3.20800018         98.1666641    
   3.22399998         0.00000000    
   3.23999977         0.00000000    
   3.25600004         0.00000000    
   3.27199984         0.00000000    
   3.28800011         0.00000000    
   3.30399990         0.00000000    
   3.32000017         0.00000000    
   3.33599997         0.00000000    
   3.35199976         0.00000000    
   3.36800003         0.00000000    
   3.38399982         0.00000000    
   3.40000010         0.00000000    
   3.41599989         0.00000000    
   3.43200016         0.00000000    
   3.44799995         0.00000000    
   3.46399975         0.00000000    
   3.48000002         0.00000000    
   3.49599981         0.00000000    
   3.51200008         1.83333337    
